[?25l[0m [38;2;0;0;0m                                       [0m
 [38;2;0;0;0m                     [38;2;152;147;115m▗[7m[38;2;116;117;90m▀[0m [38;2;46;30;5m               [0m
 [38;2;0;0;0m                   [38;2;146;103;18m▁[38;2;147;115;45m▂[38;2;145;142;108;48;2;72;129;186m▋[38;2;49;93;140;48;2;24;55;101m▝[0m[7m[38;2;106;98;64m▝[0m[38;2;140;123;78m▃[38;2;137;119;74m▃[38;2;160;138;84m▂[0m [38;2;76;50;5m           [0m
 [38;2;0;0;0m               [0m [38;2;180;132;22m▁[38;2;121;128;109m▃[38;2;163;207;218m▆[38;2;161;144;94;48;2;190;230;246m▔[38;2;119;192;234;48;2;220;245;250m▀[38;2;71;137;189;48;2;172;213;234m▀[38;2;124;183;224;48;2;33;70;118m▅[38;2;104;167;216;48;2;38;80;131m▅[38;2;47;95;153;48;2;83;146;200m▔[38;2;84;132;178;48;2;72;135;192m▖[38;2;73;134;186;48;2;43;89;146m▀[38;2;160;113;23;48;2;69;107;148m▔[38;2;109;124;138;48;2;70;72;64m▗[0m[38;2;129;116;80m▃[0m [38;2;14;9;3m        [0m
 [38;2;0;0;0m              [38;2;113;78;13m▗[38;2;100;111;115m▅[38;2;51;82;116;48;2;117;154;178m▆[38;2;86;156;199;48;2;63;97;127m▃[38;2;114;186;230;48;2;176;220;241m▃[38;2;110;184;229;48;2;177;220;243m▃[38;2;80;147;191;48;2;109;180;229m▁[38;2;45;88;134;48;2;85;149;198m▕[38;2;26;43;72;48;2;115;139;164m▂[38;2;26;34;50;48;2;149;161;156m▂[38;2;21;28;48;48;2;97;124;158m▂[38;2;60;88;126;48;2;26;39;67m▀[38;2;14;36;74;48;2;51;95;137m▅[38;2;74;98;132;48;2;28;57;96m▕[38;2;47;86;136;48;2;155;159;166m▆[38;2;75;102;121;48;2;49;92;143m▔[0m[38;2;157;151;134m▃[38;2;175;152;108m▂[0m [38;2;73;51;9m      [0m
 [38;2;0;0;0m           [0m [38;2;219;207;180m▗[38;2;230;222;203m▆[38;2;184;197;205;48;2;147;101;12m▆[38;2;122;188;228;48;2;119;123;100m▆[38;2;207;237;249;48;2;112;176;222m▀[38;2;111;166;209;48;2;162;207;233m▃[38;2;113;175;222;48;2;195;229;240m▅[38;2;152;192;217;48;2;108;175;221m▔[38;2;107;164;204;48;2;92;163;218m▔[38;2;88;159;218;48;2;174;173;174m▅[38;2;142;167;183;48;2;68;124;178m▁[38;2;241;240;237;48;2;54;101;151m▂[38;2;240;236;232;48;2;50;90;138m▂[38;2;126;148;169;48;2;37;80;133m▂[38;2;49;100;158;48;2;26;62;109m▅[38;2;39;82;135;48;2;51;102;157m▔[38;2;20;44;75;48;2;46;94;148m▕[38;2;108;117;131;48;2;209;209;211m▍[38;2;181;184;191;48;2;224;222;222m▁[38;2;71;73;82;48;2;175;177;183m▗[38;2;111;88;44;48;2;108;104;100m▔[0m[38;2;125;89;32m▖     [0m
 [38;2;0;0;0m           [7m[38;2;197;136;12m▊[0m[38;2;107;98;74;48;2;205;205;206m▏[38;2;143;182;211;48;2;222;220;219m▅[38;2;73;135;191;48;2;116;178;220m▗[38;2;106;161;203;48;2;205;213;218m▀[38;2;247;243;239;48;2;114;160;197m▆[38;2;78;143;186;48;2;242;238;234m▔[38;2;208;208;210;48;2;113;164;201m▅[38;2;111;136;157;48;2;145;196;233m▖[38;2;207;235;247;48;2;93;159;210m▅[38;2;124;178;216;48;2;97;112;125m▊[38;2;152;159;163;48;2;232;230;228m▏[38;2;240;237;234;48;2;248;244;239m▏[38;2;231;228;227;48;2;243;238;235m▁[38;2;176;178;182;48;2;213;211;212m▕[38;2;133;144;159;48;2;38;74;118m▋[38;2;29;63;105;48;2;45;92;145m▁[38;2;49;97;151;48;2;29;63;107m▊[38;2;117;121;131;48;2;40;59;87m▝[38;2;138;144;155;48;2;63;68;80m▀[38;2;82;77;75;48;2;111;117;131m▆[38;2;137;104;35;48;2;67;61;56m▗[0m[38;2;105;70;12m▎     [0m
 [38;2;0;0;0m           [0m [38;2;77;144;206;48;2;134;134;112m▗[38;2;91;165;224;48;2;79;139;188m▘[38;2;73;138;196;48;2;74;107;142m▊[38;2;132;147;167;48;2;209;209;211m▁[38;2;181;185;192;48;2;234;231;230m▃[38;2;227;225;224;48;2;179;183;191m▘[38;2;109;121;138;48;2;168;173;181m▁[38;2;67;109;152;48;2;98;141;182m▖[38;2;94;160;219;48;2;76;144;207m▔[38;2;67;112;154;48;2;71;135;195m▕[38;2;192;194;198;48;2;86;115;145m▝[38;2;99;113;132;48;2;192;194;198m▂[38;2;187;190;196;48;2;142;148;159m▀[38;2;79;88;107;48;2;146;152;163m▂[38;2;126;132;144;48;2;31;52;87m▘[38;2;22;52;96;48;2;35;75;126m▍[38;2;42;88;141;48;2;17;43;83m▖[38;2;15;39;80;48;2;11;33;71m▊[38;2;10;28;63;48;2;14;38;78m▔[38;2;37;76;127;48;2;20;44;85m▐[38;2;74;126;169;48;2;29;64;113m▐[0m[38;2;142;100;24m▍     [0m
 [38;2;0;0;0m         [0m [7m[38;2;146;160;155m▀[0m[38;2;105;141;166m▆[38;2;59;81;107;48;2;106;141;177m▎[38;2;95;123;156;48;2;174;183;194m▆[38;2;99;130;159;48;2;63;126;188m▁[38;2;65;129;192;48;2;73;115;160m▆[38;2;58;117;179;48;2;141;146;157m▆[38;2;60;121;184;48;2;92;112;138m▅[38;2;68;96;129;48;2;56;113;172m▔[38;2;51;101;158;48;2;63;123;183m▅[38;2;138;164;193;48;2;82;114;153m▝[38;2;111;148;186;48;2;51;94;144m▘[38;2;30;64;113;48;2;54;107;167m▂[38;2;49;99;156;48;2;27;60;108m▀[38;2;122;127;137;48;2;22;52;96m▁[38;2;126;130;139;48;2;17;45;87m▂[38;2;71;80;96;48;2;33;53;84m▖[38;2;44;62;91;48;2;37;47;65m▝[38;2;47;62;86;48;2;28;38;58m▘[38;2;18;31;57;48;2;14;38;77m▖[38;2;10;31;68m▏[38;2;90;105;120;48;2;31;62;105m▁[38;2;46;83;127;48;2;134;183;218m▀[38;2;103;160;205;48;2;89;71;31m▅[0m[38;2;88;114;127m▅[38;2;103;95;59m▖   [0m
 [38;2;0;0;0m        [38;2;134;118;76m▗[38;2;129;101;41;48;2;124;164;191m▘[38;2;164;201;225;48;2;66;122;175m▃[38;2;122;167;202;48;2;87;95;108m▂[38;2;149;155;164;48;2;64;67;76m▃[38;2;157;160;165;48;2;50;53;63m▔[38;2;35;38;48;48;2;159;160;165m▅[38;2;141;150;161;48;2;45;48;57m▀[38;2;93;95;104;48;2;131;142;157m▖[38;2;190;190;191;48;2;91;106;126m▁[38;2;18;19;27;48;2;113;133;158m▃[38;2;4;5;13;48;2;110;127;150m▃[38;2;21;24;34;48;2;107;121;142m▃[38;2;56;58;68;48;2;117;125;141m▃[38;2;125;134;149;48;2;38;40;50m▀[38;2;23;25;35;48;2;150;152;159m▅[38;2;37;40;50;48;2;130;134;144m▆[38;2;90;94;106;48;2;59;62;73m▔[38;2;115;116;122;48;2;50;55;66m▞[38;2;90;152;202;48;2;74;83;95m▃[38;2;44;54;69;48;2;137;191;231m▀[38;2;22;33;53;48;2;80;151;206m▀[38;2;33;45;69;48;2;93;131;164m▘[38;2;163;164;167;48;2;65;74;87m▔[38;2;92;147;195;48;2;70;80;94m▔[38;2;44;93;146;48;2;85;150;204m▖[38;2;80;139;179;48;2;56;115;177m▔[38;2;119;117;92;48;2;47;92;145m▝[0m[38;2;135;122;77m▖  [0m
 [38;2;0;0;0m  [38;2;138;99;30m▗[38;2;191;182;157m▅[38;2;188;175;149m▅[7m[38;2;209;193;160m▀[0m[38;2;211;192;153m▃[7m[38;2;130;134;116m▘[0m[38;2;88;124;165;48;2;118;166;205m▂[38;2;58;112;171;48;2;171;211;239m▂[38;2;153;199;234;48;2;71;134;195m▘[38;2;74;138;198;48;2;41;85;141m▀[38;2;48;91;140;48;2;25;52;93m▘[38;2;66;71;84;48;2;34;41;58m▘[38;2;208;208;208;48;2;61;64;73m▃[38;2;208;207;206;48;2;104;107;113m▆[38;2;107;108;112;48;2;172;174;178m▔[38;2;106;111;122;48;2;150;153;160m▁[38;2;144;148;155;48;2;77;81;91m▘[38;2;18;20;31;48;2;65;68;79m▐[38;2;75;78;87;48;2;144;147;153m▋[38;2;136;138;143;48;2;162;163;167m▁[38;2;87;91;102;48;2;138;140;147m▃[38;2;67;71;82;48;2;28;31;42m▍[38;2;57;107;157;48;2;33;38;48m▂[38;2;70;65;58;48;2;118;169;208m▀[38;2;145;188;219;48;2;61;90;117m▅[38;2;146;196;234;48;2;101;158;202m▔[38;2;90;161;213;48;2;47;97;143m▀[38;2;57;115;169;48;2;87;154;208m▁[38;2;62;121;181;48;2;72;142;205m▅[38;2;57;110;169;48;2;49;91;134m▊[38;2;41;79;120;48;2;37;52;73m▖[38;2;49;99;154;48;2;25;56;98m▐[38;2;40;82;135;48;2;57;113;171m▁[38;2;40;81;135;48;2;47;95;152m▕[38;2;107;85;34;48;2;77;98;114m▕[0m [38;2;86;59;9m [0m
 [38;2;0;0;0m  [0m [38;2;120;85;21;48;2;163;161;155m▖[38;2;147;157;170;48;2;155;164;176m▆[38;2;175;181;189;48;2;154;163;175m▔[38;2;224;222;221;48;2;158;167;179m▔[38;2;159;167;179;48;2;224;221;219m▆[38;2;160;168;180;48;2;226;224;222m▅[38;2;211;210;211;48;2;159;168;180m▀[38;2;40;77;126;48;2;192;195;200m▔[38;2;199;201;205;48;2;46;75;115m▆[38;2;220;218;218;48;2;44;64;95m▅[38;2;57;59;69;48;2;131;133;140m▋[38;2;105;108;117;48;2;196;195;194m▅[38;2;176;177;181;48;2;92;96;107m▀[38;2;141;145;155;48;2;69;73;85m▀[38;2;36;38;48;48;2;79;83;94m▆[38;2;99;99;103;48;2;30;33;43m▁[38;2;44;47;57;48;2;17;19;29m▘[38;2;96;99;106;48;2;30;33;43m▝[38;2;97;100;108;48;2;31;35;48m▀[38;2;84;87;96;48;2;23;38;63m▀[38;2;115;168;217;48;2;50;82;117m▃[38;2;122;173;221;48;2;96;160;215m▝[38;2;82;153;214;48;2;167;206;236m▆[38;2;65;129;190;48;2;73;142;206m▁[38;2;59;117;178;48;2;65;128;191m▖[38;2;39;82;134;48;2;53;109;168m▂[38;2;55;111;166;48;2;20;49;90m▝[38;2;17;45;88;48;2;54;105;158m▃[38;2;19;47;91;48;2;44;89;146m▅[38;2;41;73;107;48;2;31;62;98m▔[38;2;23;55;101;48;2;17;39;75m▝[38;2;24;57;102;48;2;42;85;139m▖[38;2;28;62;109;48;2;37;78;130m▍[38;2;51;91;138;48;2;38;78;129m▔[0m[38;2;117;109;79m▋ [0m
 [38;2;0;0;0m   [38;2;159;131;74m▝[38;2;130;129;123;48;2;151;158;169m▂[38;2;111;125;148;48;2;152;161;174m▂[38;2;138;149;164;48;2;153;162;175m▁[38;2;178;183;191m▂[38;2;225;221;219;48;2;158;167;178m▂[38;2;182;186;193;48;2;153;162;175m▁[38;2;148;157;171;48;2;151;161;174m▅[48;2;153;162;175m▅[38;2;197;200;204;48;2;150;160;173m▝[38;2;48;51;60;48;2;189;187;188m▝[38;2;175;112;25;48;2;88;82;78m▗[38;2;182;114;31;48;2;74;60;43m▂[38;2;39;43;55;48;2;16;27;48m▔[38;2;14;26;53;48;2;26;32;50m▊[38;2;66;62;61;48;2;127;94;45m▘[38;2;144;104;54;48;2;74;62;45m▏[38;2;51;40;29;48;2;56;47;34m▕[38;2;118;110;80;48;2;95;68;36m▕[38;2;83;82;71;48;2;148;193;220m▘[38;2;176;214;238;48;2;120;177;222m▋[38;2;73;132;186;48;2;77;150;213m▂[38;2;51;103;162;48;2;69;136;199m▃[38;2;37;82;136;48;2;53;107;167m▁[38;2;23;57;105;48;2;51;104;163m▅[38;2;22;54;100;48;2;19;48;93m▏[38;2;38;26;17;48;2;25;50;88m▕[38;2;150;102;42;48;2;21;36;63m▂[38;2;34;58;89;48;2;133;94;46m▀[38;2;89;94;75;48;2;141;99;43m▔[38;2;34;66;103;48;2;144;111;52m▝[38;2;66;81;88;48;2;27;58;100m▁[38;2;32;69;118;48;2;15;38;76m▀[38;2;100;107;119;48;2;26;58;103m▗[0m[7m[38;2;119;116;105m▕[0m [0m
  [7m[38;2;151;150;151m▀[0m[38;2;173;173;174m▅[38;2;157;156;157m▃[7m[38;2;131;118;94m▎[0m[38;2;96;112;139;48;2;91;108;135m▔[38;2;99;115;141;48;2;93;110;138m▔[38;2;174;178;187;48;2;98;114;141m▝[38;2;125;137;156;48;2;243;235;229m▃[38;2;204;203;205;48;2;146;155;169m▋[38;2;107;121;144;48;2;149;158;172m▂[38;2;105;119;142;48;2;148;157;171m▁[38;2;137;146;162;48;2;147;156;170m▁[38;2;206;206;207;48;2;154;162;174m▐[38;2;180;177;178;48;2;106;101;100m▖[38;2;116;122;134;48;2;81;67;56m▂[38;2;98;104;116;48;2;58;53;52m▁[38;2;100;102;109;48;2;60;51;39m▂[38;2;74;76;85;48;2;69;58;49m▁[38;2;133;92;43;48;2;70;63;56m▘[38;2;126;165;189;48;2;73;63;52m▗[38;2;92;95;88;48;2;111;163;204m▀[38;2;189;226;246;48;2;106;126;145m▔[38;2;48;67;94;48;2;82;144;197m▅[38;2;39;73;112;48;2;59;112;166m▕[38;2;44;92;148;48;2;23;54;101m▀[38;2;30;68;118;48;2;20;51;96m▔[38;2;77;66;52;48;2;22;52;96m▂[38;2;75;59;36;48;2;42;55;72m▖[38;2;44;38;34;48;2;101;80;54m▆[38;2;63;51;44;48;2;34;32;35m▔[38;2;32;31;35;48;2;43;39;40m▆[38;2;122;124;131;48;2;46;43;46m▗[38;2;82;96;113;48;2;146;103;51m▆[38;2;92;105;106;48;2;42;74;109m▎[38;2;109;117;132;48;2;46;55;72m▂[38;2;20;35;60;48;2;86;107;127m▋[38;2;168;171;176;48;2;100;93;89m▂[0m[38;2;161;118;45m▎[0m
 [38;2;0;0;0m [0m [7m[38;2;144;144;146m▖[0m[38;2;120;122;128;48;2;163;164;169m▂[38;2;97;99;106;48;2;156;144;128m▃[38;2;132;100;54;48;2;86;99;119m▖[38;2;74;88;113;48;2;87;104;133m▁[38;2;87;104;132;48;2;90;107;136m▃[38;2;88;106;134;48;2;92;109;138m▅[38;2;91;109;137;48;2;88;105;133m▀[38;2;91;109;136;48;2;87;105;133m▀[38;2;92;109;136m▀[38;2;92;108;136;48;2;87;104;133m▀[38;2;113;125;146;48;2;89;106;134m▔[38;2;131;137;147;48;2;209;206;206m▞[38;2;101;102;110;48;2;181;183;188m▃[38;2;70;73;84;48;2;120;123;131m▃[38;2;113;116;123;48;2;70;73;81m▗[38;2;123;125;132;48;2;64;66;75m▀[38;2;114;117;124;48;2;77;80;89m▅[38;2;65;69;80;48;2;35;39;50m▘[38;2;17;40;77;48;2;57;113;171m▅[38;2;44;87;134;48;2;16;39;77m▘[38;2;47;76;113;48;2;118;123;134m▊[38;2;109;111;121;48;2;29;37;55m▎[38;2;20;49;93;48;2;31;35;47m▔[38;2;39;57;81;48;2;42;36;32m▔[38;2;58;58;64;48;2;44;41;42m▕[38;2;83;84;91;48;2;40;39;44m▆[38;2;95;97;104;48;2;71;72;79m▅[38;2;43;42;47;48;2;97;99;106m▀[38;2;82;83;90;48;2;45;45;50m▖[38;2;64;67;76;48;2;38;38;43m▔[38;2;49;79;109;48;2;43;47;57m▔[38;2;42;46;57;48;2;24;58;98m▆[38;2;137;140;147;48;2;60;60;65m▀[38;2;95;94;94;48;2;50;48;51m▃[0m[7m[38;2;100;88;80m▂[0m[38;2;115;96;66m▘[0m
 [38;2;0;0;0m [0m [7m[38;2;101;100;102m▆[38;2;110;110;114m▃[38;2;130;130;134m▂[0m[38;2;132;133;137;48;2;84;72;61m▃[38;2;130;131;137;48;2;76;68;59m▁[38;2;43;42;45;48;2;86;84;78m▃[38;2;72;60;36;48;2;76;84;95m▖[38;2;94;76;35;48;2;78;92;115m▂[38;2;79;82;82;48;2;83;100;128m▃[38;2;67;80;105m▂[38;2;77;93;119m▁[38;2;84;101;129;48;2;81;98;126m▀[38;2;180;182;189;48;2;86;101;128m▝[38;2;162;162;165;48;2;116;117;122m▆[38;2;127;129;138;48;2;46;48;58m▅[38;2;48;49;59;48;2;137;139;145m▀[38;2;217;215;214;48;2;51;53;60m▂[38;2;50;53;63;48;2;203;200;200m▀[38;2;27;30;41;48;2;189;186;187m▀[38;2;175;173;176;48;2;29;44;71m▅[38;2;163;162;166;48;2;27;38;64m▆[38;2;151;143;135;48;2;63;68;82m▆[38;2;114;103;91;48;2;55;52;51m▎[38;2;44;44;49;48;2;28;27;31m▁[38;2;33;32;36;48;2;62;62;68m▀[38;2;42;43;48;48;2;64;65;71m▂[38;2;37;37;42;48;2;82;84;90m▃[38;2;132;132;135;48;2;70;71;77m▁[38;2;115;115;117;48;2;60;60;66m▂[0m[7m[38;2;52;52;56m▃[38;2;49;49;52m▖[0m[38;2;85;85;89m▀[7m[38;2;88;87;90m▅[0m[38;2;128;127;128m▔[0m [38;2;1;1;1m  [0m
 [38;2;0;0;0m     [38;2;101;100;101m▔[7m[38;2;125;125;128m▅[38;2;86;85;88m▃[38;2;69;68;71m▂[0m[38;2;116;116;119;48;2;39;37;41m▃[38;2;120;121;126;48;2;48;43;40m▂[38;2;93;93;100;48;2;57;51;42m▁[38;2;78;75;68;48;2;40;38;42m▀[38;2;60;51;41;48;2;73;86;111m▅[38;2;63;49;36;48;2;71;84;107m▃[38;2;146;148;155;48;2;58;59;69m▀[38;2;79;74;73;48;2;214;211;210m▅[38;2;120;106;90;48;2;233;228;225m▆[38;2;155;155;160;48;2;97;77;47m▀[38;2;86;69;45;48;2;128;129;138m▅[38;2;126;110;84;48;2;64;60;61m▀[38;2;154;152;154;48;2;82;70;54m▁[38;2;81;60;30;48;2;74;74;78m▀[38;2;57;48;39;48;2;80;80;82m▀[0m[7m[38;2;86;85;89m▃[38;2;95;96;100m▃[0m[38;2;100;100;105m▀[7m[38;2;116;116;120m▅[38;2;112;112;114m▆[0m[38;2;95;94;95m▔[0m [38;2;0;0;0m        [0m
 [38;2;0;0;0m         [0m  [38;2;161;161;163m▔[7m[38;2;110;110;113m▆[38;2;101;101;105m▆[38;2;74;74;78m▅[38;2;70;69;73m▅[38;2;109;93;81m▆[38;2;92;92;94m▆[0m[38;2;154;153;156m▔[38;2;147;146;147m▔[38;2;96;96;96m▔[0m [38;2;24;24;24m                 [0m
 [38;2;0;0;0m                                       [0m
 [38;2;0;0;0m                                       [0m
[?25h